

N	 λ 	 timeh2 	 timeh 	 storh2 	 storh 

N	 λ 	 timeh2 	 timeh 	 storh2 	 storh 
9807	1.4000000000000001	93.268890981	91.345489551	(0.39294555200000003, 0.5107049173344519)	(0.532237144, 0.6917399248963755)
18864	1.0	160.91659179	220.463287927	(0.6197870480000001, 0.2177132865370518)	(1.043269232, 0.3664703448945031)
37059	0.7000000000000001	420.273039299	586.479935648	(2.16738564, 0.19726898605809343)	(3.093810792, 0.2815894443193907)
79236	0.48	944.357840941	1643.687037682	(3.375613816, 0.0672074909293083)	(6.980680736, 0.1389833265349798)

N	 λ 	 timeh2 	 timeh 	 storh2 	 storh 
156957	0.34	3003.981853059	4771.527835564	(13.466154384000001, 0.06832697969667244)	(18.981724848000002, 0.09631286641404652)

310422	0.24	6947.569982045	14958.432680356	(22.98355544, 0.029814136834732743)	(40.706747952, 0.05280456092644928)
618468	0.17	30074.20109968	34031.502319541	(83.510356512, 0.027290775892407103)	(102.93256048, 0.03363785711641245)
